50
0.00611213
0.00658593
0.00705973
0.00759747
0.00813522
0.00874419
0.00935316
0.01004130
0.01072944
0.01150541
0.01228139
0.01315460
0.01402782
0.01500848
0.01598914
0.01708830
0.01818747
0.01941708
0.02064670
0.02201966
0.02339262
0.02492282
0.02645302
0.02815539
0.02985777
0.03174835
0.03363893
0.03573491
0.03783090
0.04015068
0.04247046
0.04503370
0.04759694
0.05042462
0.05325230
0.05636676
0.05948122
0.06290625
0.06633128
0.07009213
0.07385299
0.07797648
0.08209997
0.08661449
0.09112902
0.09606463
0.10100025
0.10638872
0.11177719
0.11765204
0.12352690
0.12992348
0.13632007
0.14327561
0.15023115
0.15778479
0.16533844
0.17353132
0.18172420
0.19059948
0.19947476
0.20907770
0.21868064
0.22905862
0.23943660
0.25063920
0.26184180
0.27391590
0.28599126
0.29900447
0.31201894
0.32601545
0.34001191
0.35505413
0.37009635
0.38624552
0.40239470
0.41971450
0.43703430
0.45559090
0.47414751
0.49400964
0.51387177
0.53511073
0.55634969
0.57903939
0.60172910
0.62594613
0.65016317
0.67598679
0.70181042
0.72932262
0.75683482
0.78612035
0.81540588
0.84655225
0.87769863
0.91079620
0.94389378
0.97903574
1.01417770