70
0.05253
0.054995
0.058065
0.06139
0.0646366666666667
0.06853
0.071995
0.07529
0.07878
0.083195
0.08761
0.09222
0.09839
0.10059
0.10649
0.11239
0.116835
0.12128
0.12691
0.13331
0.13983
0.14592
0.15251
0.15949
0.16651
0.17716
0.18781
0.19846
0.20212
0.2125775
0.223035
0.2334925
0.24395
0.24408
0.2441
0.26551
0.26971
0.2856
0.30149
0.3192
0.33691
0.34373
0.35601
0.36829
0.38057
0.3916
0.40263
0.43097
0.448723333333333
0.45703
0.48423
0.48433
0.52929
0.53356
0.5515
0.5699625
0.588425
0.6068875
0.62535
0.64558
0.66581
0.70605
0.72366
0.74127
0.76818
0.79509
0.80233
0.84475
0.88717
0.8903
0.93446
